349229750,-7648797833
346979250,-7648628556
347442778,-7650359389
346084556,-7650679500
---
341056417,-7647773333
343205917,-7649126750
---
340312861,-7647101361
341636167,-7646932944
---
345914139,-7651247306
348113500,-7648979000
---
347262167,-7649265333
348033167,-7649466167
---
341785833,-7646686167
341353167,-7647589389
---
344024500,-7648530861
343288639,-7649189056
---
345599583,-7656620083
343083139,-7648556222
341447667,-7654845000
341534083,-7654824639
---
338448389,-7652436417
347155639,-7652892417
---
346946250,-7648532528
347850639,-7649576028
---
348723333,-7650119000
347565083,-7650020944
348777917,-7650042583
348984417,-7650708944
---
348594139,-7648932806
341677028,-7650577806
---
341922528,-7649755167
342771056,-7647422861
---
342738333,-7650002167
342715250,-7650028833
349032639,-7649257667
342656500,-7650063833
342733667,-7649981333
---
337328806,-7652559806
343760583,-7647358556
343908306,-7647739194
337554639,-7654532306
---
349259667,-7651666167
349345667,-7651909056
---
344398000,-7648303889
344400083,-7648321972
---
348078000,-7649270500
347460333,-7648764833
---
348376500,-7649627333
349276389,-7648974083
349795083,-7649018028
---
338491611,-7652038167
347988167,-7652549944
---
343755000,-7647521222
340370667,-7647240750
---
343165444,-7646482139
337720722,-7654812417
342567306,-7646346806
342242750,-7646391944
---
337451472,-7652461000
344618639,-7648295944
346340000,-7648419500
344094083,-7648000528
---
338753139,-7651620500
349267306,-7651670528
---
342692056,-7648782000
344421361,-7651162250
331634278,-7650331472
331375583,-7648826750
335802444,-7652651778
333496944,-7652478944
333513861,-7652835139
---
347226694,-7652601611
347173917,-7652350972
---
342591139,-7647634278
341685417,-7647403722
---
347121028,-7651108583
346340000,-7650782833
337046917,-7652563139
---
348751778,-7652582056
---
347935722,-7652528250
---
342752194,-7646568722
345150000,-7648310000
---
349117611,-7651187250
349082667,-7651163333
---
340885667,-7647254972
342571000,-7646897028
---
341366750,-7651367778
340757667,-7652071972
---
341850278,-7647333000
341374028,-7647157694
---
338852250,-7651817444
348927167,-7650621500
348996417,-7650747306
---
349403611,-7648693944
346541083,-7653013361
348215333,-7649420833
346794056,-7652934417
---
348378972,-7652590556
---
337868917,-7652450639
348816583,-7649419972
349099389,-7649089056
337997861,-7652539528
348801917,-7649387972
---
336999250,-7652940861
344737028,-7648864917
345752444,-7648333028
---
337101333,-7652714667
346048361,-7648267917
345766667,-7648417167
346375333,-7648342667
---
342602944,-7647498583
340086028,-7650380444
---
346721667,-7653110556
---
348215139,-7650044556
347532056,-7648716056
337660806,-7652549750
---
341014861,-7647944583
348781417,-7649293472
336665083,-7652821944
336635806,-7652819194
339319611,-7651046667
341196500,-7653352000
347333694,-7648292722
347145583,-7648195639
346887667,-7648052667
336644111,-7652786389
336621417,-7652783778
341832444,-7648674361
341357861,-7653283889
341847861,-7648684028
340926639,-7653424056
341191833,-7653343667
347672306,-7648403278
348974917,-7649277361
336654417,-7652804056
341772056,-7649428111
336614500,-7652765806
347951472,-7648492139
---
343579472,-7652981444
342674389,-7646855167
345283722,-7649959222
345265833,-7650041333
344131528,-7655191500
349121444,-7648607528
336588278,-7652710833
345318167,-7650331306
348661028,-7648451194
348880194,-7648512917
348445472,-7648368694
342787389,-7646699639
---
343749500,-7647173500
343495806,-7646651000
343564389,-7646794000
337566361,-7654717028
---
342841722,-7649885722
344348861,-7648359917
344334194,-7648351694
348951500,-7650870667
349099389,-7649089056
348941667,-7650780333
348826833,-7648561333
348000639,-7650813083
344380222,-7648254306
349123417,-7648597472
344348889,-7648343306
344337667,-7648265444
344393694,-7648358722
347346000,-7649962583
347785639,-7650593361
346345667,-7651479389
344382639,-7648357861
341862250,-7648698222
344375639,-7648306028
---
336629528,-7652803833
336655583,-7652821083
339430000,-7650390000
340519333,-7650711972
336709000,-7652905000
341110194,-7648604972
340692556,-7651583500
336642250,-7652835361
---
348930028,-7650823611
348270861,-7648363500
348388972,-7648453861
348612583,-7648509000
345248111,-7649777944
345238667,-7649586500
345278833,-7649252333
348910306,-7650893750
348910667,-7650828000
348928833,-7650795833
347833417,-7650147639
341476833,-7654962139
341454278,-7654957278
348930667,-7650904167
346605000,-7650130000
---
349322361,-7651911333
338790333,-7652014417
349263472,-7652368667
349235056,-7652346000
---
348113667,-7648889833
346145250,-7650512889
---
343237306,-7646817028
340206083,-7647292083
---
341898167,-7646572222
346644528,-7651648000
347835500,-7650209500
346140667,-7655974667
347820083,-7650237833
341499333,-7654822667
---
345064194,-7648335833
344743472,-7650373889
---
343705639,-7648165417
343914306,-7648378917
349003333,-7650643000
342970472,-7648413667
348776000,-7651102583
348576889,-7651723278
348122500,-7652343333
348665000,-7652559667
348378361,-7650581750
348770556,-7652084694
348061333,-7652156333
346375500,-7652240667
348404889,-7652561361
---
344463333,-7649955639
346153361,-7648847750
---
342405056,-7648890083
341795056,-7649954528
---
349522611,-7648837639
338474472,-7652512972
---
341028722,-7647610889
341406694,-7647782694
---