3367376,-76529525
3367034,-76528647
3366882,-76528372
3366360,-76527655
3366232,-76527718
3366564,-76528549
3366743,-76528903
3367128,-76529629
---
3371090,-76537035
3370742,-76536319
3370648,-76536496
3370686,-76536622
3370996,-76537024
---
3372869,-76540634
3372759,-76540424
3372400,-76539720
3372491,-76539692
3372705,-76540103
3372957,-76540585
---
3376711,-76542769
3376844,-76542662
3377477,-76542840
3377438,-76542977
---
3387247,-76544816
3387338,-76544706
3388787,-76544926
3388849,-76545054
3388717,-76545164
3387296,-76544966
---
3394671,-76546109
3393539,-76545919
3393560,-76545817
3394687,-76545999
---
3398982,-76546517
3398979,-76546418
3398282,-76546416
3398274,-76546520
---
3403518,-76546823
3403528,-76546718
3404150,-76546825
3404125,-76546899
---
3409392,-76547388
3409933,-76547461
3409919,-76547532
3409379,-76547457
---
3414033,-76548346
3414076,-76548245
3414205,-76548182
3414386,-76548200
3414631,-76548221
3415494,-76548247
3415577,-76548281
3415596,-76548330
3415586,-76548380
3415517,-76548418
3414332,-76548493
3414103,-76548484
3414036,-76548397
---
3419301,-76548307
3418375,-76548290
3418372,-76548386
3419303,-76548394
---
3422967,-76547268
3423978,-76546896
3423913,-76546750
3422933,-76547146
---
3432597,-76542681
3432545,-76542674
3432199,-76542854
3431740,-76543107
3431128,-76.543520
3431154,-76543570
3431938,-76543141
3432270,-76542934
3432573,-76542747
---
3434229,-76541548
3434391,-76541448
3434606,-76541317
3434958,-76541065
3435292,-76540791
3435221,-76540678
3434854,-76540953
3434428,-76541266
3434138,-76541536
3434153,-76541575
---
3439189,-76537508
3439233,-76537348
3440266,-76536526
3440428,-76536504
3440392,-76536681
3439320,-76537514
---
3442132,-76533142
3442441,-76532173
3442306,-76532121
3442037,-76533046
---
3442735,-76528529
3442789,-76528427
3442680,-76526580
3442609,-76.526367
3442559,-76526584
3442670,-76528394
---
3444022,-76521225
3444252,-76520544
3444169,-76520524
3443955,-76521208
---
3445318,-76514831
3445281,-76514358
3445191,-76514369
3445222,-76514846
---
3444892,-76508560
3444845,-76508037
3444762,-76508029
3444794,-76508561
---
3444371,-76502514
3444304,-76502022
3444231,-76502026
3444284,-76502507
---
3443931,-76499102
3443871,-76498626
3443767,-76498623
3443824,-76499110
---
3443585,-76496180
3443519,-76495689
3443432,-76495698
3443494,-76496181
---
3445120,-76487614
3445437,-76486728
3445328,-76486680
3445010,-76487579
---
3443931,-76481826
3443232,-76482144
3443306,-76482280
3443265,-76483667
3443354,-76483841
3443524,-76483917
3443914,-76483880
3444133,-76483626
3444135,-76483356
3444028,-76482355
---